/*--------------------------------*- C++ -*----------------------------------*\
| =========                 |                                                 |
| \\      /  F ield         | OpenFOAM: The Open Source CFD Toolbox           |
|  \\    /   O peration     | Version:  2412                                  |
|   \\  /    A nd           | Website:  www.openfoam.com                      |
|    \\/     M anipulation  |                                                 |
\*---------------------------------------------------------------------------*/
FoamFile
{
    version     2.0;
    format      ascii;
    arch        "LSB;label=32;scalar=64";
    class       faceList;
    location    "constant/polyMesh";
    object      faces;
}
// * * * * * * * * * * * * * * * * * * * * * * * * * * * * * * * * * * * * * //


2060
(
4(1 12 133 122)
4(11 132 133 12)
4(2 13 134 123)
4(12 133 134 13)
4(3 14 135 124)
4(13 134 135 14)
4(4 15 136 125)
4(14 135 136 15)
4(5 16 137 126)
4(15 136 137 16)
4(6 17 138 127)
4(16 137 138 17)
4(7 18 139 128)
4(17 138 139 18)
4(8 19 140 129)
4(18 139 140 19)
4(9 20 141 130)
4(19 140 141 20)
4(20 141 142 21)
4(10 21 142 131)
4(12 23 144 133)
4(22 143 144 23)
4(13 24 145 134)
4(23 144 145 24)
4(14 25 146 135)
4(24 145 146 25)
4(15 26 147 136)
4(25 146 147 26)
4(16 27 148 137)
4(26 147 148 27)
4(17 28 149 138)
4(27 148 149 28)
4(18 29 150 139)
4(28 149 150 29)
4(19 30 151 140)
4(29 150 151 30)
4(20 31 152 141)
4(30 151 152 31)
4(31 152 153 32)
4(21 32 153 142)
4(23 34 155 144)
4(33 154 155 34)
4(24 35 156 145)
4(34 155 156 35)
4(25 36 157 146)
4(35 156 157 36)
4(26 37 158 147)
4(36 157 158 37)
4(27 38 159 148)
4(37 158 159 38)
4(28 39 160 149)
4(38 159 160 39)
4(29 40 161 150)
4(39 160 161 40)
4(30 41 162 151)
4(40 161 162 41)
4(31 42 163 152)
4(41 162 163 42)
4(42 163 164 43)
4(32 43 164 153)
4(34 45 166 155)
4(44 165 166 45)
4(35 46 167 156)
4(45 166 167 46)
4(36 47 168 157)
4(46 167 168 47)
4(37 48 169 158)
4(47 168 169 48)
4(38 49 170 159)
4(48 169 170 49)
4(39 50 171 160)
4(49 170 171 50)
4(40 51 172 161)
4(50 171 172 51)
4(41 52 173 162)
4(51 172 173 52)
4(42 53 174 163)
4(52 173 174 53)
4(53 174 175 54)
4(43 54 175 164)
4(45 56 177 166)
4(55 176 177 56)
4(46 57 178 167)
4(56 177 178 57)
4(47 58 179 168)
4(57 178 179 58)
4(48 59 180 169)
4(58 179 180 59)
4(49 60 181 170)
4(59 180 181 60)
4(50 61 182 171)
4(60 181 182 61)
4(51 62 183 172)
4(61 182 183 62)
4(52 63 184 173)
4(62 183 184 63)
4(53 64 185 174)
4(63 184 185 64)
4(64 185 186 65)
4(54 65 186 175)
4(56 67 188 177)
4(66 187 188 67)
4(57 68 189 178)
4(67 188 189 68)
4(58 69 190 179)
4(68 189 190 69)
4(59 70 191 180)
4(69 190 191 70)
4(60 71 192 181)
4(70 191 192 71)
4(61 72 193 182)
4(71 192 193 72)
4(62 73 194 183)
4(72 193 194 73)
4(63 74 195 184)
4(73 194 195 74)
4(64 75 196 185)
4(74 195 196 75)
4(75 196 197 76)
4(65 76 197 186)
4(67 78 199 188)
4(77 198 199 78)
4(68 79 200 189)
4(78 199 200 79)
4(69 80 201 190)
4(79 200 201 80)
4(70 81 202 191)
4(80 201 202 81)
4(71 82 203 192)
4(81 202 203 82)
4(72 83 204 193)
4(82 203 204 83)
4(73 84 205 194)
4(83 204 205 84)
4(74 85 206 195)
4(84 205 206 85)
4(75 86 207 196)
4(85 206 207 86)
4(86 207 208 87)
4(76 87 208 197)
4(78 89 210 199)
4(88 209 210 89)
4(79 90 211 200)
4(89 210 211 90)
4(80 91 212 201)
4(90 211 212 91)
4(81 92 213 202)
4(91 212 213 92)
4(82 93 214 203)
4(92 213 214 93)
4(83 94 215 204)
4(93 214 215 94)
4(84 95 216 205)
4(94 215 216 95)
4(85 96 217 206)
4(95 216 217 96)
4(86 97 218 207)
4(96 217 218 97)
4(97 218 219 98)
4(87 98 219 208)
4(89 100 221 210)
4(99 220 221 100)
4(90 101 222 211)
4(100 221 222 101)
4(91 102 223 212)
4(101 222 223 102)
4(92 103 224 213)
4(102 223 224 103)
4(93 104 225 214)
4(103 224 225 104)
4(94 105 226 215)
4(104 225 226 105)
4(95 106 227 216)
4(105 226 227 106)
4(96 107 228 217)
4(106 227 228 107)
4(97 108 229 218)
4(107 228 229 108)
4(108 229 230 109)
4(98 109 230 219)
4(100 111 232 221)
4(101 112 233 222)
4(102 113 234 223)
4(103 114 235 224)
4(104 115 236 225)
4(105 116 237 226)
4(106 117 238 227)
4(107 118 239 228)
4(108 119 240 229)
4(109 120 241 230)
4(242 252 362 352)
4(21 142 362 252)
4(243 253 363 353)
4(252 362 363 253)
4(244 254 364 354)
4(253 363 364 254)
4(245 255 365 355)
4(254 364 365 255)
4(246 256 366 356)
4(255 365 366 256)
4(247 257 367 357)
4(256 366 367 257)
4(248 258 368 358)
4(257 367 368 258)
4(249 259 369 359)
4(258 368 369 259)
4(250 260 370 360)
4(259 369 370 260)
4(260 370 371 261)
4(251 261 371 361)
4(252 262 372 362)
4(32 153 372 262)
4(253 263 373 363)
4(262 372 373 263)
4(254 264 374 364)
4(263 373 374 264)
4(255 265 375 365)
4(264 374 375 265)
4(256 266 376 366)
4(265 375 376 266)
4(257 267 377 367)
4(266 376 377 267)
4(258 268 378 368)
4(267 377 378 268)
4(259 269 379 369)
4(268 378 379 269)
4(260 270 380 370)
4(269 379 380 270)
4(270 380 381 271)
4(261 271 381 371)
4(262 272 382 372)
4(43 164 382 272)
4(263 273 383 373)
4(272 382 383 273)
4(264 274 384 374)
4(273 383 384 274)
4(265 275 385 375)
4(274 384 385 275)
4(266 276 386 376)
4(275 385 386 276)
4(267 277 387 377)
4(276 386 387 277)
4(268 278 388 378)
4(277 387 388 278)
4(269 279 389 379)
4(278 388 389 279)
4(270 280 390 380)
4(279 389 390 280)
4(280 390 391 281)
4(271 281 391 381)
4(272 282 392 382)
4(54 175 392 282)
4(273 283 393 383)
4(282 392 393 283)
4(274 284 394 384)
4(283 393 394 284)
4(275 285 395 385)
4(284 394 395 285)
4(276 286 396 386)
4(285 395 396 286)
4(277 287 397 387)
4(286 396 397 287)
4(278 288 398 388)
4(287 397 398 288)
4(279 289 399 389)
4(288 398 399 289)
4(280 290 400 390)
4(289 399 400 290)
4(290 400 401 291)
4(281 291 401 391)
4(282 292 402 392)
4(65 186 402 292)
4(283 293 403 393)
4(292 402 403 293)
4(284 294 404 394)
4(293 403 404 294)
4(285 295 405 395)
4(294 404 405 295)
4(286 296 406 396)
4(295 405 406 296)
4(287 297 407 397)
4(296 406 407 297)
4(288 298 408 398)
4(297 407 408 298)
4(289 299 409 399)
4(298 408 409 299)
4(290 300 410 400)
4(299 409 410 300)
4(300 410 411 301)
4(291 301 411 401)
4(292 302 412 402)
4(76 197 412 302)
4(293 303 413 403)
4(302 412 413 303)
4(294 304 414 404)
4(303 413 414 304)
4(295 305 415 405)
4(304 414 415 305)
4(296 306 416 406)
4(305 415 416 306)
4(297 307 417 407)
4(306 416 417 307)
4(298 308 418 408)
4(307 417 418 308)
4(299 309 419 409)
4(308 418 419 309)
4(300 310 420 410)
4(309 419 420 310)
4(310 420 421 311)
4(301 311 421 411)
4(302 312 422 412)
4(87 208 422 312)
4(303 313 423 413)
4(312 422 423 313)
4(304 314 424 414)
4(313 423 424 314)
4(305 315 425 415)
4(314 424 425 315)
4(306 316 426 416)
4(315 425 426 316)
4(307 317 427 417)
4(316 426 427 317)
4(308 318 428 418)
4(317 427 428 318)
4(309 319 429 419)
4(318 428 429 319)
4(310 320 430 420)
4(319 429 430 320)
4(320 430 431 321)
4(311 321 431 421)
4(312 322 432 422)
4(98 219 432 322)
4(313 323 433 423)
4(322 432 433 323)
4(314 324 434 424)
4(323 433 434 324)
4(315 325 435 425)
4(324 434 435 325)
4(316 326 436 426)
4(325 435 436 326)
4(317 327 437 427)
4(326 436 437 327)
4(318 328 438 428)
4(327 437 438 328)
4(319 329 439 429)
4(328 438 439 329)
4(320 330 440 430)
4(329 439 440 330)
4(330 440 441 331)
4(321 331 441 431)
4(322 332 442 432)
4(109 230 442 332)
4(323 333 443 433)
4(332 442 443 333)
4(324 334 444 434)
4(333 443 444 334)
4(325 335 445 435)
4(334 444 445 335)
4(326 336 446 436)
4(335 445 446 336)
4(327 337 447 437)
4(336 446 447 337)
4(328 338 448 438)
4(337 447 448 338)
4(329 339 449 439)
4(338 448 449 339)
4(330 340 450 440)
4(339 449 450 340)
4(340 450 451 341)
4(331 341 451 441)
4(332 342 452 442)
4(333 343 453 443)
4(334 344 454 444)
4(335 345 455 445)
4(336 346 456 446)
4(337 347 457 447)
4(338 348 458 448)
4(339 349 459 449)
4(340 350 460 450)
4(341 351 461 451)
4(462 472 582 572)
4(261 371 582 472)
4(251 462 572 361)
4(463 473 583 573)
4(472 582 583 473)
4(462 463 573 572)
4(464 474 584 574)
4(473 583 584 474)
4(463 464 574 573)
4(465 475 585 575)
4(474 584 585 475)
4(464 465 575 574)
4(466 476 586 576)
4(475 585 586 476)
4(465 466 576 575)
4(467 477 587 577)
4(476 586 587 477)
4(466 467 577 576)
4(468 478 588 578)
4(477 587 588 478)
4(467 468 578 577)
4(469 479 589 579)
4(478 588 589 479)
4(468 469 579 578)
4(470 480 590 580)
4(479 589 590 480)
4(469 470 580 579)
4(480 590 591 481)
4(470 471 581 580)
4(472 482 592 582)
4(271 381 592 482)
4(473 483 593 583)
4(482 592 593 483)
4(474 484 594 584)
4(483 593 594 484)
4(475 485 595 585)
4(484 594 595 485)
4(476 486 596 586)
4(485 595 596 486)
4(477 487 597 587)
4(486 596 597 487)
4(478 488 598 588)
4(487 597 598 488)
4(479 489 599 589)
4(488 598 599 489)
4(480 490 600 590)
4(489 599 600 490)
4(490 600 601 491)
4(482 492 602 592)
4(281 391 602 492)
4(483 493 603 593)
4(492 602 603 493)
4(484 494 604 594)
4(493 603 604 494)
4(485 495 605 595)
4(494 604 605 495)
4(486 496 606 596)
4(495 605 606 496)
4(487 497 607 597)
4(496 606 607 497)
4(488 498 608 598)
4(497 607 608 498)
4(489 499 609 599)
4(498 608 609 499)
4(490 500 610 600)
4(499 609 610 500)
4(500 610 611 501)
4(492 502 612 602)
4(291 401 612 502)
4(493 503 613 603)
4(502 612 613 503)
4(494 504 614 604)
4(503 613 614 504)
4(495 505 615 605)
4(504 614 615 505)
4(496 506 616 606)
4(505 615 616 506)
4(497 507 617 607)
4(506 616 617 507)
4(498 508 618 608)
4(507 617 618 508)
4(499 509 619 609)
4(508 618 619 509)
4(500 510 620 610)
4(509 619 620 510)
4(510 620 621 511)
4(502 512 622 612)
4(301 411 622 512)
4(503 513 623 613)
4(512 622 623 513)
4(504 514 624 614)
4(513 623 624 514)
4(505 515 625 615)
4(514 624 625 515)
4(506 516 626 616)
4(515 625 626 516)
4(507 517 627 617)
4(516 626 627 517)
4(508 518 628 618)
4(517 627 628 518)
4(509 519 629 619)
4(518 628 629 519)
4(510 520 630 620)
4(519 629 630 520)
4(520 630 631 521)
4(512 522 632 622)
4(311 421 632 522)
4(513 523 633 623)
4(522 632 633 523)
4(514 524 634 624)
4(523 633 634 524)
4(515 525 635 625)
4(524 634 635 525)
4(516 526 636 626)
4(525 635 636 526)
4(517 527 637 627)
4(526 636 637 527)
4(518 528 638 628)
4(527 637 638 528)
4(519 529 639 629)
4(528 638 639 529)
4(520 530 640 630)
4(529 639 640 530)
4(530 640 641 531)
4(522 532 642 632)
4(321 431 642 532)
4(523 533 643 633)
4(532 642 643 533)
4(524 534 644 634)
4(533 643 644 534)
4(525 535 645 635)
4(534 644 645 535)
4(526 536 646 636)
4(535 645 646 536)
4(527 537 647 637)
4(536 646 647 537)
4(528 538 648 638)
4(537 647 648 538)
4(529 539 649 639)
4(538 648 649 539)
4(530 540 650 640)
4(539 649 650 540)
4(540 650 651 541)
4(532 542 652 642)
4(331 441 652 542)
4(533 543 653 643)
4(542 652 653 543)
4(534 544 654 644)
4(543 653 654 544)
4(535 545 655 645)
4(544 654 655 545)
4(536 546 656 646)
4(545 655 656 546)
4(537 547 657 647)
4(546 656 657 547)
4(538 548 658 648)
4(547 657 658 548)
4(539 549 659 649)
4(548 658 659 549)
4(540 550 660 650)
4(549 659 660 550)
4(550 660 661 551)
4(542 552 662 652)
4(341 451 662 552)
4(543 553 663 653)
4(552 662 663 553)
4(544 554 664 654)
4(553 663 664 554)
4(545 555 665 655)
4(554 664 665 555)
4(546 556 666 656)
4(555 665 666 556)
4(547 557 667 657)
4(556 666 667 557)
4(548 558 668 658)
4(557 667 668 558)
4(549 559 669 659)
4(558 668 669 559)
4(550 560 670 660)
4(559 669 670 560)
4(560 670 671 561)
4(552 562 672 662)
4(351 461 672 562)
4(553 563 673 663)
4(562 672 673 563)
4(554 564 674 664)
4(563 673 674 564)
4(555 565 675 665)
4(564 674 675 565)
4(556 566 676 666)
4(565 675 676 566)
4(557 567 677 667)
4(566 676 677 567)
4(558 568 678 668)
4(567 677 678 568)
4(559 569 679 669)
4(568 678 679 569)
4(560 570 680 670)
4(569 679 680 570)
4(570 680 681 571)
4(683 694 804 793)
4(693 803 804 694)
4(684 695 805 794)
4(694 804 805 695)
4(685 696 806 795)
4(695 805 806 696)
4(686 697 807 796)
4(696 806 807 697)
4(687 698 808 797)
4(697 807 808 698)
4(688 699 809 798)
4(698 808 809 699)
4(689 700 810 799)
4(699 809 810 700)
4(690 701 811 800)
4(700 810 811 701)
4(691 702 812 801)
4(701 811 812 702)
4(702 812 813 703)
4(694 705 815 804)
4(704 814 815 705)
4(695 706 816 805)
4(705 815 816 706)
4(696 707 817 806)
4(706 816 817 707)
4(697 708 818 807)
4(707 817 818 708)
4(698 709 819 808)
4(708 818 819 709)
4(699 710 820 809)
4(709 819 820 710)
4(700 711 821 810)
4(710 820 821 711)
4(701 712 822 811)
4(711 821 822 712)
4(702 713 823 812)
4(712 822 823 713)
4(713 823 824 714)
4(705 716 826 815)
4(715 825 826 716)
4(706 717 827 816)
4(716 826 827 717)
4(707 718 828 817)
4(717 827 828 718)
4(708 719 829 818)
4(718 828 829 719)
4(709 720 830 819)
4(719 829 830 720)
4(710 721 831 820)
4(720 830 831 721)
4(711 722 832 821)
4(721 831 832 722)
4(712 723 833 822)
4(722 832 833 723)
4(713 724 834 823)
4(723 833 834 724)
4(724 834 835 725)
4(716 727 837 826)
4(726 836 837 727)
4(717 728 838 827)
4(727 837 838 728)
4(718 729 839 828)
4(728 838 839 729)
4(719 730 840 829)
4(729 839 840 730)
4(720 731 841 830)
4(730 840 841 731)
4(721 732 842 831)
4(731 841 842 732)
4(722 733 843 832)
4(732 842 843 733)
4(723 734 844 833)
4(733 843 844 734)
4(724 735 845 834)
4(734 844 845 735)
4(735 845 846 736)
4(727 738 848 837)
4(737 847 848 738)
4(728 739 849 838)
4(738 848 849 739)
4(729 740 850 839)
4(739 849 850 740)
4(730 741 851 840)
4(740 850 851 741)
4(731 742 852 841)
4(741 851 852 742)
4(732 743 853 842)
4(742 852 853 743)
4(733 744 854 843)
4(743 853 854 744)
4(734 745 855 844)
4(744 854 855 745)
4(735 746 856 845)
4(745 855 856 746)
4(746 856 857 747)
4(738 749 859 848)
4(748 858 859 749)
4(739 750 860 849)
4(749 859 860 750)
4(740 751 861 850)
4(750 860 861 751)
4(741 752 862 851)
4(751 861 862 752)
4(742 753 863 852)
4(752 862 863 753)
4(743 754 864 853)
4(753 863 864 754)
4(744 755 865 854)
4(754 864 865 755)
4(745 756 866 855)
4(755 865 866 756)
4(746 757 867 856)
4(756 866 867 757)
4(757 867 868 758)
4(749 760 870 859)
4(759 869 870 760)
4(750 761 871 860)
4(760 870 871 761)
4(751 762 872 861)
4(761 871 872 762)
4(752 763 873 862)
4(762 872 873 763)
4(753 764 874 863)
4(763 873 874 764)
4(754 765 875 864)
4(764 874 875 765)
4(755 766 876 865)
4(765 875 876 766)
4(756 767 877 866)
4(766 876 877 767)
4(757 768 878 867)
4(767 877 878 768)
4(768 878 879 769)
4(760 771 881 870)
4(770 880 881 771)
4(761 772 882 871)
4(771 881 882 772)
4(762 773 883 872)
4(772 882 883 773)
4(763 774 884 873)
4(773 883 884 774)
4(764 775 885 874)
4(774 884 885 775)
4(765 776 886 875)
4(775 885 886 776)
4(766 777 887 876)
4(776 886 887 777)
4(767 778 888 877)
4(777 887 888 778)
4(768 779 889 878)
4(778 888 889 779)
4(779 889 890 780)
4(771 782 892 881)
4(781 891 892 782)
4(772 783 893 882)
4(782 892 893 783)
4(773 784 894 883)
4(783 893 894 784)
4(774 785 895 884)
4(784 894 895 785)
4(775 786 896 885)
4(785 895 896 786)
4(776 787 897 886)
4(786 896 897 787)
4(777 788 898 887)
4(787 897 898 788)
4(778 789 899 888)
4(788 898 899 789)
4(779 790 900 889)
4(789 899 900 790)
4(790 900 901 791)
4(782 462 572 892)
4(783 463 573 893)
4(784 464 574 894)
4(785 465 575 895)
4(786 466 576 896)
4(787 467 577 897)
4(788 468 578 898)
4(789 469 579 899)
4(790 470 580 900)
4(562 903 1013 672)
4(902 1012 1013 903)
4(563 904 1014 673)
4(903 1013 1014 904)
4(564 905 1015 674)
4(904 1014 1015 905)
4(565 906 1016 675)
4(905 1015 1016 906)
4(566 907 1017 676)
4(906 1016 1017 907)
4(567 908 1018 677)
4(907 1017 1018 908)
4(568 909 1019 678)
4(908 1018 1019 909)
4(569 910 1020 679)
4(909 1019 1020 910)
4(570 911 1021 680)
4(910 1020 1021 911)
4(911 1021 1022 912)
4(903 914 1024 1013)
4(913 1023 1024 914)
4(904 915 1025 1014)
4(914 1024 1025 915)
4(905 916 1026 1015)
4(915 1025 1026 916)
4(906 917 1027 1016)
4(916 1026 1027 917)
4(907 918 1028 1017)
4(917 1027 1028 918)
4(908 919 1029 1018)
4(918 1028 1029 919)
4(909 920 1030 1019)
4(919 1029 1030 920)
4(910 921 1031 1020)
4(920 1030 1031 921)
4(911 922 1032 1021)
4(921 1031 1032 922)
4(922 1032 1033 923)
4(914 925 1035 1024)
4(924 1034 1035 925)
4(915 926 1036 1025)
4(925 1035 1036 926)
4(916 927 1037 1026)
4(926 1036 1037 927)
4(917 928 1038 1027)
4(927 1037 1038 928)
4(918 929 1039 1028)
4(928 1038 1039 929)
4(919 930 1040 1029)
4(929 1039 1040 930)
4(920 931 1041 1030)
4(930 1040 1041 931)
4(921 932 1042 1031)
4(931 1041 1042 932)
4(922 933 1043 1032)
4(932 1042 1043 933)
4(933 1043 1044 934)
4(925 936 1046 1035)
4(935 1045 1046 936)
4(926 937 1047 1036)
4(936 1046 1047 937)
4(927 938 1048 1037)
4(937 1047 1048 938)
4(928 939 1049 1038)
4(938 1048 1049 939)
4(929 940 1050 1039)
4(939 1049 1050 940)
4(930 941 1051 1040)
4(940 1050 1051 941)
4(931 942 1052 1041)
4(941 1051 1052 942)
4(932 943 1053 1042)
4(942 1052 1053 943)
4(933 944 1054 1043)
4(943 1053 1054 944)
4(944 1054 1055 945)
4(936 947 1057 1046)
4(946 1056 1057 947)
4(937 948 1058 1047)
4(947 1057 1058 948)
4(938 949 1059 1048)
4(948 1058 1059 949)
4(939 950 1060 1049)
4(949 1059 1060 950)
4(940 951 1061 1050)
4(950 1060 1061 951)
4(941 952 1062 1051)
4(951 1061 1062 952)
4(942 953 1063 1052)
4(952 1062 1063 953)
4(943 954 1064 1053)
4(953 1063 1064 954)
4(944 955 1065 1054)
4(954 1064 1065 955)
4(955 1065 1066 956)
4(947 958 1068 1057)
4(957 1067 1068 958)
4(948 959 1069 1058)
4(958 1068 1069 959)
4(949 960 1070 1059)
4(959 1069 1070 960)
4(950 961 1071 1060)
4(960 1070 1071 961)
4(951 962 1072 1061)
4(961 1071 1072 962)
4(952 963 1073 1062)
4(962 1072 1073 963)
4(953 964 1074 1063)
4(963 1073 1074 964)
4(954 965 1075 1064)
4(964 1074 1075 965)
4(955 966 1076 1065)
4(965 1075 1076 966)
4(966 1076 1077 967)
4(958 969 1079 1068)
4(968 1078 1079 969)
4(959 970 1080 1069)
4(969 1079 1080 970)
4(960 971 1081 1070)
4(970 1080 1081 971)
4(961 972 1082 1071)
4(971 1081 1082 972)
4(962 973 1083 1072)
4(972 1082 1083 973)
4(963 974 1084 1073)
4(973 1083 1084 974)
4(964 975 1085 1074)
4(974 1084 1085 975)
4(965 976 1086 1075)
4(975 1085 1086 976)
4(966 977 1087 1076)
4(976 1086 1087 977)
4(977 1087 1088 978)
4(969 980 1090 1079)
4(979 1089 1090 980)
4(970 981 1091 1080)
4(980 1090 1091 981)
4(971 982 1092 1081)
4(981 1091 1092 982)
4(972 983 1093 1082)
4(982 1092 1093 983)
4(973 984 1094 1083)
4(983 1093 1094 984)
4(974 985 1095 1084)
4(984 1094 1095 985)
4(975 986 1096 1085)
4(985 1095 1096 986)
4(976 987 1097 1086)
4(986 1096 1097 987)
4(977 988 1098 1087)
4(987 1097 1098 988)
4(988 1098 1099 989)
4(980 991 1101 1090)
4(990 1100 1101 991)
4(981 992 1102 1091)
4(991 1101 1102 992)
4(982 993 1103 1092)
4(992 1102 1103 993)
4(983 994 1104 1093)
4(993 1103 1104 994)
4(984 995 1105 1094)
4(994 1104 1105 995)
4(985 996 1106 1095)
4(995 1105 1106 996)
4(986 997 1107 1096)
4(996 1106 1107 997)
4(987 998 1108 1097)
4(997 1107 1108 998)
4(988 999 1109 1098)
4(998 1108 1109 999)
4(999 1109 1110 1000)
4(991 1002 1112 1101)
4(992 1003 1113 1102)
4(993 1004 1114 1103)
4(994 1005 1115 1104)
4(995 1006 1116 1105)
4(996 1007 1117 1106)
4(997 1008 1118 1107)
4(998 1009 1119 1108)
4(999 1010 1120 1109)
4(0 1 122 121)
4(1 2 123 122)
4(2 3 124 123)
4(3 4 125 124)
4(4 5 126 125)
4(5 6 127 126)
4(6 7 128 127)
4(7 8 129 128)
4(8 9 130 129)
4(9 10 131 130)
4(10 242 352 131)
4(242 243 353 352)
4(243 244 354 353)
4(244 245 355 354)
4(245 246 356 355)
4(246 247 357 356)
4(247 248 358 357)
4(248 249 359 358)
4(249 250 360 359)
4(250 251 361 360)
4(682 792 803 693)
4(693 803 814 704)
4(704 814 825 715)
4(715 825 836 726)
4(726 836 847 737)
4(737 847 858 748)
4(748 858 869 759)
4(759 869 880 770)
4(770 880 891 781)
4(781 891 361 251)
4(692 703 813 802)
4(703 714 824 813)
4(714 725 835 824)
4(725 736 846 835)
4(736 747 857 846)
4(747 758 868 857)
4(758 769 879 868)
4(769 780 890 879)
4(780 791 901 890)
4(791 471 581 901)
4(471 481 591 581)
4(481 491 601 591)
4(491 501 611 601)
4(501 511 621 611)
4(511 521 631 621)
4(521 531 641 631)
4(531 541 651 641)
4(541 551 661 651)
4(551 561 671 661)
4(561 571 681 671)
4(571 912 1022 681)
4(912 923 1033 1022)
4(923 934 1044 1033)
4(934 945 1055 1044)
4(945 956 1066 1055)
4(956 967 1077 1066)
4(967 978 1088 1077)
4(978 989 1099 1088)
4(989 1000 1110 1099)
4(1000 1011 1121 1110)
4(110 231 232 111)
4(111 232 233 112)
4(112 233 234 113)
4(113 234 235 114)
4(114 235 236 115)
4(115 236 237 116)
4(116 237 238 117)
4(117 238 239 118)
4(118 239 240 119)
4(119 240 241 120)
4(120 241 452 342)
4(342 452 453 343)
4(343 453 454 344)
4(344 454 455 345)
4(345 455 456 346)
4(346 456 457 347)
4(347 457 458 348)
4(348 458 459 349)
4(349 459 460 350)
4(350 460 461 351)
4(351 461 1012 902)
4(902 1012 1023 913)
4(913 1023 1034 924)
4(924 1034 1045 935)
4(935 1045 1056 946)
4(946 1056 1067 957)
4(957 1067 1078 968)
4(968 1078 1089 979)
4(979 1089 1100 990)
4(990 1100 1111 1001)
4(0 121 132 11)
4(11 132 143 22)
4(22 143 154 33)
4(33 154 165 44)
4(44 165 176 55)
4(55 176 187 66)
4(66 187 198 77)
4(77 198 209 88)
4(88 209 220 99)
4(99 220 231 110)
4(682 683 793 792)
4(683 684 794 793)
4(684 685 795 794)
4(685 686 796 795)
4(686 687 797 796)
4(687 688 798 797)
4(688 689 799 798)
4(689 690 800 799)
4(690 691 801 800)
4(691 692 802 801)
4(1001 1111 1112 1002)
4(1002 1112 1113 1003)
4(1003 1113 1114 1004)
4(1004 1114 1115 1005)
4(1005 1115 1116 1006)
4(1006 1116 1117 1007)
4(1007 1117 1118 1008)
4(1008 1118 1119 1009)
4(1009 1119 1120 1010)
4(1010 1120 1121 1011)
4(0 11 12 1)
4(11 22 23 12)
4(22 33 34 23)
4(33 44 45 34)
4(44 55 56 45)
4(55 66 67 56)
4(66 77 78 67)
4(77 88 89 78)
4(88 99 100 89)
4(99 110 111 100)
4(1 12 13 2)
4(12 23 24 13)
4(23 34 35 24)
4(34 45 46 35)
4(45 56 57 46)
4(56 67 68 57)
4(67 78 79 68)
4(78 89 90 79)
4(89 100 101 90)
4(100 111 112 101)
4(2 13 14 3)
4(13 24 25 14)
4(24 35 36 25)
4(35 46 47 36)
4(46 57 58 47)
4(57 68 69 58)
4(68 79 80 69)
4(79 90 91 80)
4(90 101 102 91)
4(101 112 113 102)
4(3 14 15 4)
4(14 25 26 15)
4(25 36 37 26)
4(36 47 48 37)
4(47 58 59 48)
4(58 69 70 59)
4(69 80 81 70)
4(80 91 92 81)
4(91 102 103 92)
4(102 113 114 103)
4(4 15 16 5)
4(15 26 27 16)
4(26 37 38 27)
4(37 48 49 38)
4(48 59 60 49)
4(59 70 71 60)
4(70 81 82 71)
4(81 92 93 82)
4(92 103 104 93)
4(103 114 115 104)
4(5 16 17 6)
4(16 27 28 17)
4(27 38 39 28)
4(38 49 50 39)
4(49 60 61 50)
4(60 71 72 61)
4(71 82 83 72)
4(82 93 94 83)
4(93 104 105 94)
4(104 115 116 105)
4(6 17 18 7)
4(17 28 29 18)
4(28 39 40 29)
4(39 50 51 40)
4(50 61 62 51)
4(61 72 73 62)
4(72 83 84 73)
4(83 94 95 84)
4(94 105 106 95)
4(105 116 117 106)
4(7 18 19 8)
4(18 29 30 19)
4(29 40 41 30)
4(40 51 52 41)
4(51 62 63 52)
4(62 73 74 63)
4(73 84 85 74)
4(84 95 96 85)
4(95 106 107 96)
4(106 117 118 107)
4(8 19 20 9)
4(19 30 31 20)
4(30 41 42 31)
4(41 52 53 42)
4(52 63 64 53)
4(63 74 75 64)
4(74 85 86 75)
4(85 96 97 86)
4(96 107 108 97)
4(107 118 119 108)
4(9 20 21 10)
4(20 31 32 21)
4(31 42 43 32)
4(42 53 54 43)
4(53 64 65 54)
4(64 75 76 65)
4(75 86 87 76)
4(86 97 98 87)
4(97 108 109 98)
4(108 119 120 109)
4(10 21 252 242)
4(21 32 262 252)
4(32 43 272 262)
4(43 54 282 272)
4(54 65 292 282)
4(65 76 302 292)
4(76 87 312 302)
4(87 98 322 312)
4(98 109 332 322)
4(109 120 342 332)
4(242 252 253 243)
4(252 262 263 253)
4(262 272 273 263)
4(272 282 283 273)
4(282 292 293 283)
4(292 302 303 293)
4(302 312 313 303)
4(312 322 323 313)
4(322 332 333 323)
4(332 342 343 333)
4(243 253 254 244)
4(253 263 264 254)
4(263 273 274 264)
4(273 283 284 274)
4(283 293 294 284)
4(293 303 304 294)
4(303 313 314 304)
4(313 323 324 314)
4(323 333 334 324)
4(333 343 344 334)
4(244 254 255 245)
4(254 264 265 255)
4(264 274 275 265)
4(274 284 285 275)
4(284 294 295 285)
4(294 304 305 295)
4(304 314 315 305)
4(314 324 325 315)
4(324 334 335 325)
4(334 344 345 335)
4(245 255 256 246)
4(255 265 266 256)
4(265 275 276 266)
4(275 285 286 276)
4(285 295 296 286)
4(295 305 306 296)
4(305 315 316 306)
4(315 325 326 316)
4(325 335 336 326)
4(335 345 346 336)
4(246 256 257 247)
4(256 266 267 257)
4(266 276 277 267)
4(276 286 287 277)
4(286 296 297 287)
4(296 306 307 297)
4(306 316 317 307)
4(316 326 327 317)
4(326 336 337 327)
4(336 346 347 337)
4(247 257 258 248)
4(257 267 268 258)
4(267 277 278 268)
4(277 287 288 278)
4(287 297 298 288)
4(297 307 308 298)
4(307 317 318 308)
4(317 327 328 318)
4(327 337 338 328)
4(337 347 348 338)
4(248 258 259 249)
4(258 268 269 259)
4(268 278 279 269)
4(278 288 289 279)
4(288 298 299 289)
4(298 308 309 299)
4(308 318 319 309)
4(318 328 329 319)
4(328 338 339 329)
4(338 348 349 339)
4(249 259 260 250)
4(259 269 270 260)
4(269 279 280 270)
4(279 289 290 280)
4(289 299 300 290)
4(299 309 310 300)
4(309 319 320 310)
4(319 329 330 320)
4(329 339 340 330)
4(339 349 350 340)
4(250 260 261 251)
4(260 270 271 261)
4(270 280 281 271)
4(280 290 291 281)
4(290 300 301 291)
4(300 310 311 301)
4(310 320 321 311)
4(320 330 331 321)
4(330 340 341 331)
4(340 350 351 341)
4(251 261 472 462)
4(261 271 482 472)
4(271 281 492 482)
4(281 291 502 492)
4(291 301 512 502)
4(301 311 522 512)
4(311 321 532 522)
4(321 331 542 532)
4(331 341 552 542)
4(341 351 562 552)
4(462 472 473 463)
4(472 482 483 473)
4(482 492 493 483)
4(492 502 503 493)
4(502 512 513 503)
4(512 522 523 513)
4(522 532 533 523)
4(532 542 543 533)
4(542 552 553 543)
4(552 562 563 553)
4(463 473 474 464)
4(473 483 484 474)
4(483 493 494 484)
4(493 503 504 494)
4(503 513 514 504)
4(513 523 524 514)
4(523 533 534 524)
4(533 543 544 534)
4(543 553 554 544)
4(553 563 564 554)
4(464 474 475 465)
4(474 484 485 475)
4(484 494 495 485)
4(494 504 505 495)
4(504 514 515 505)
4(514 524 525 515)
4(524 534 535 525)
4(534 544 545 535)
4(544 554 555 545)
4(554 564 565 555)
4(465 475 476 466)
4(475 485 486 476)
4(485 495 496 486)
4(495 505 506 496)
4(505 515 516 506)
4(515 525 526 516)
4(525 535 536 526)
4(535 545 546 536)
4(545 555 556 546)
4(555 565 566 556)
4(466 476 477 467)
4(476 486 487 477)
4(486 496 497 487)
4(496 506 507 497)
4(506 516 517 507)
4(516 526 527 517)
4(526 536 537 527)
4(536 546 547 537)
4(546 556 557 547)
4(556 566 567 557)
4(467 477 478 468)
4(477 487 488 478)
4(487 497 498 488)
4(497 507 508 498)
4(507 517 518 508)
4(517 527 528 518)
4(527 537 538 528)
4(537 547 548 538)
4(547 557 558 548)
4(557 567 568 558)
4(468 478 479 469)
4(478 488 489 479)
4(488 498 499 489)
4(498 508 509 499)
4(508 518 519 509)
4(518 528 529 519)
4(528 538 539 529)
4(538 548 549 539)
4(548 558 559 549)
4(558 568 569 559)
4(469 479 480 470)
4(479 489 490 480)
4(489 499 500 490)
4(499 509 510 500)
4(509 519 520 510)
4(519 529 530 520)
4(529 539 540 530)
4(539 549 550 540)
4(549 559 560 550)
4(559 569 570 560)
4(470 480 481 471)
4(480 490 491 481)
4(490 500 501 491)
4(500 510 511 501)
4(510 520 521 511)
4(520 530 531 521)
4(530 540 541 531)
4(540 550 551 541)
4(550 560 561 551)
4(560 570 571 561)
4(682 693 694 683)
4(693 704 705 694)
4(704 715 716 705)
4(715 726 727 716)
4(726 737 738 727)
4(737 748 749 738)
4(748 759 760 749)
4(759 770 771 760)
4(770 781 782 771)
4(781 251 462 782)
4(683 694 695 684)
4(694 705 706 695)
4(705 716 717 706)
4(716 727 728 717)
4(727 738 739 728)
4(738 749 750 739)
4(749 760 761 750)
4(760 771 772 761)
4(771 782 783 772)
4(782 462 463 783)
4(684 695 696 685)
4(695 706 707 696)
4(706 717 718 707)
4(717 728 729 718)
4(728 739 740 729)
4(739 750 751 740)
4(750 761 762 751)
4(761 772 773 762)
4(772 783 784 773)
4(783 463 464 784)
4(685 696 697 686)
4(696 707 708 697)
4(707 718 719 708)
4(718 729 730 719)
4(729 740 741 730)
4(740 751 752 741)
4(751 762 763 752)
4(762 773 774 763)
4(773 784 785 774)
4(784 464 465 785)
4(686 697 698 687)
4(697 708 709 698)
4(708 719 720 709)
4(719 730 731 720)
4(730 741 742 731)
4(741 752 753 742)
4(752 763 764 753)
4(763 774 775 764)
4(774 785 786 775)
4(785 465 466 786)
4(687 698 699 688)
4(698 709 710 699)
4(709 720 721 710)
4(720 731 732 721)
4(731 742 743 732)
4(742 753 754 743)
4(753 764 765 754)
4(764 775 776 765)
4(775 786 787 776)
4(786 466 467 787)
4(688 699 700 689)
4(699 710 711 700)
4(710 721 722 711)
4(721 732 733 722)
4(732 743 744 733)
4(743 754 755 744)
4(754 765 766 755)
4(765 776 777 766)
4(776 787 788 777)
4(787 467 468 788)
4(689 700 701 690)
4(700 711 712 701)
4(711 722 723 712)
4(722 733 734 723)
4(733 744 745 734)
4(744 755 756 745)
4(755 766 767 756)
4(766 777 778 767)
4(777 788 789 778)
4(788 468 469 789)
4(690 701 702 691)
4(701 712 713 702)
4(712 723 724 713)
4(723 734 735 724)
4(734 745 746 735)
4(745 756 757 746)
4(756 767 768 757)
4(767 778 779 768)
4(778 789 790 779)
4(789 469 470 790)
4(691 702 703 692)
4(702 713 714 703)
4(713 724 725 714)
4(724 735 736 725)
4(735 746 747 736)
4(746 757 758 747)
4(757 768 769 758)
4(768 779 780 769)
4(779 790 791 780)
4(790 470 471 791)
4(351 902 903 562)
4(902 913 914 903)
4(913 924 925 914)
4(924 935 936 925)
4(935 946 947 936)
4(946 957 958 947)
4(957 968 969 958)
4(968 979 980 969)
4(979 990 991 980)
4(990 1001 1002 991)
4(562 903 904 563)
4(903 914 915 904)
4(914 925 926 915)
4(925 936 937 926)
4(936 947 948 937)
4(947 958 959 948)
4(958 969 970 959)
4(969 980 981 970)
4(980 991 992 981)
4(991 1002 1003 992)
4(563 904 905 564)
4(904 915 916 905)
4(915 926 927 916)
4(926 937 938 927)
4(937 948 949 938)
4(948 959 960 949)
4(959 970 971 960)
4(970 981 982 971)
4(981 992 993 982)
4(992 1003 1004 993)
4(564 905 906 565)
4(905 916 917 906)
4(916 927 928 917)
4(927 938 939 928)
4(938 949 950 939)
4(949 960 961 950)
4(960 971 972 961)
4(971 982 983 972)
4(982 993 994 983)
4(993 1004 1005 994)
4(565 906 907 566)
4(906 917 918 907)
4(917 928 929 918)
4(928 939 940 929)
4(939 950 951 940)
4(950 961 962 951)
4(961 972 973 962)
4(972 983 984 973)
4(983 994 995 984)
4(994 1005 1006 995)
4(566 907 908 567)
4(907 918 919 908)
4(918 929 930 919)
4(929 940 941 930)
4(940 951 952 941)
4(951 962 963 952)
4(962 973 974 963)
4(973 984 985 974)
4(984 995 996 985)
4(995 1006 1007 996)
4(567 908 909 568)
4(908 919 920 909)
4(919 930 931 920)
4(930 941 942 931)
4(941 952 953 942)
4(952 963 964 953)
4(963 974 975 964)
4(974 985 986 975)
4(985 996 997 986)
4(996 1007 1008 997)
4(568 909 910 569)
4(909 920 921 910)
4(920 931 932 921)
4(931 942 943 932)
4(942 953 954 943)
4(953 964 965 954)
4(964 975 976 965)
4(975 986 987 976)
4(986 997 998 987)
4(997 1008 1009 998)
4(569 910 911 570)
4(910 921 922 911)
4(921 932 933 922)
4(932 943 944 933)
4(943 954 955 944)
4(954 965 966 955)
4(965 976 977 966)
4(976 987 988 977)
4(987 998 999 988)
4(998 1009 1010 999)
4(570 911 912 571)
4(911 922 923 912)
4(922 933 934 923)
4(933 944 945 934)
4(944 955 956 945)
4(955 966 967 956)
4(966 977 978 967)
4(977 988 989 978)
4(988 999 1000 989)
4(999 1010 1011 1000)
4(121 122 133 132)
4(132 133 144 143)
4(143 144 155 154)
4(154 155 166 165)
4(165 166 177 176)
4(176 177 188 187)
4(187 188 199 198)
4(198 199 210 209)
4(209 210 221 220)
4(220 221 232 231)
4(122 123 134 133)
4(133 134 145 144)
4(144 145 156 155)
4(155 156 167 166)
4(166 167 178 177)
4(177 178 189 188)
4(188 189 200 199)
4(199 200 211 210)
4(210 211 222 221)
4(221 222 233 232)
4(123 124 135 134)
4(134 135 146 145)
4(145 146 157 156)
4(156 157 168 167)
4(167 168 179 178)
4(178 179 190 189)
4(189 190 201 200)
4(200 201 212 211)
4(211 212 223 222)
4(222 223 234 233)
4(124 125 136 135)
4(135 136 147 146)
4(146 147 158 157)
4(157 158 169 168)
4(168 169 180 179)
4(179 180 191 190)
4(190 191 202 201)
4(201 202 213 212)
4(212 213 224 223)
4(223 224 235 234)
4(125 126 137 136)
4(136 137 148 147)
4(147 148 159 158)
4(158 159 170 169)
4(169 170 181 180)
4(180 181 192 191)
4(191 192 203 202)
4(202 203 214 213)
4(213 214 225 224)
4(224 225 236 235)
4(126 127 138 137)
4(137 138 149 148)
4(148 149 160 159)
4(159 160 171 170)
4(170 171 182 181)
4(181 182 193 192)
4(192 193 204 203)
4(203 204 215 214)
4(214 215 226 225)
4(225 226 237 236)
4(127 128 139 138)
4(138 139 150 149)
4(149 150 161 160)
4(160 161 172 171)
4(171 172 183 182)
4(182 183 194 193)
4(193 194 205 204)
4(204 205 216 215)
4(215 216 227 226)
4(226 227 238 237)
4(128 129 140 139)
4(139 140 151 150)
4(150 151 162 161)
4(161 162 173 172)
4(172 173 184 183)
4(183 184 195 194)
4(194 195 206 205)
4(205 206 217 216)
4(216 217 228 227)
4(227 228 239 238)
4(129 130 141 140)
4(140 141 152 151)
4(151 152 163 162)
4(162 163 174 173)
4(173 174 185 184)
4(184 185 196 195)
4(195 196 207 206)
4(206 207 218 217)
4(217 218 229 228)
4(228 229 240 239)
4(130 131 142 141)
4(141 142 153 152)
4(152 153 164 163)
4(163 164 175 174)
4(174 175 186 185)
4(185 186 197 196)
4(196 197 208 207)
4(207 208 219 218)
4(218 219 230 229)
4(229 230 241 240)
4(131 352 362 142)
4(142 362 372 153)
4(153 372 382 164)
4(164 382 392 175)
4(175 392 402 186)
4(186 402 412 197)
4(197 412 422 208)
4(208 422 432 219)
4(219 432 442 230)
4(230 442 452 241)
4(352 353 363 362)
4(362 363 373 372)
4(372 373 383 382)
4(382 383 393 392)
4(392 393 403 402)
4(402 403 413 412)
4(412 413 423 422)
4(422 423 433 432)
4(432 433 443 442)
4(442 443 453 452)
4(353 354 364 363)
4(363 364 374 373)
4(373 374 384 383)
4(383 384 394 393)
4(393 394 404 403)
4(403 404 414 413)
4(413 414 424 423)
4(423 424 434 433)
4(433 434 444 443)
4(443 444 454 453)
4(354 355 365 364)
4(364 365 375 374)
4(374 375 385 384)
4(384 385 395 394)
4(394 395 405 404)
4(404 405 415 414)
4(414 415 425 424)
4(424 425 435 434)
4(434 435 445 444)
4(444 445 455 454)
4(355 356 366 365)
4(365 366 376 375)
4(375 376 386 385)
4(385 386 396 395)
4(395 396 406 405)
4(405 406 416 415)
4(415 416 426 425)
4(425 426 436 435)
4(435 436 446 445)
4(445 446 456 455)
4(356 357 367 366)
4(366 367 377 376)
4(376 377 387 386)
4(386 387 397 396)
4(396 397 407 406)
4(406 407 417 416)
4(416 417 427 426)
4(426 427 437 436)
4(436 437 447 446)
4(446 447 457 456)
4(357 358 368 367)
4(367 368 378 377)
4(377 378 388 387)
4(387 388 398 397)
4(397 398 408 407)
4(407 408 418 417)
4(417 418 428 427)
4(427 428 438 437)
4(437 438 448 447)
4(447 448 458 457)
4(358 359 369 368)
4(368 369 379 378)
4(378 379 389 388)
4(388 389 399 398)
4(398 399 409 408)
4(408 409 419 418)
4(418 419 429 428)
4(428 429 439 438)
4(438 439 449 448)
4(448 449 459 458)
4(359 360 370 369)
4(369 370 380 379)
4(379 380 390 389)
4(389 390 400 399)
4(399 400 410 409)
4(409 410 420 419)
4(419 420 430 429)
4(429 430 440 439)
4(439 440 450 449)
4(449 450 460 459)
4(360 361 371 370)
4(370 371 381 380)
4(380 381 391 390)
4(390 391 401 400)
4(400 401 411 410)
4(410 411 421 420)
4(420 421 431 430)
4(430 431 441 440)
4(440 441 451 450)
4(450 451 461 460)
4(361 572 582 371)
4(371 582 592 381)
4(381 592 602 391)
4(391 602 612 401)
4(401 612 622 411)
4(411 622 632 421)
4(421 632 642 431)
4(431 642 652 441)
4(441 652 662 451)
4(451 662 672 461)
4(572 573 583 582)
4(582 583 593 592)
4(592 593 603 602)
4(602 603 613 612)
4(612 613 623 622)
4(622 623 633 632)
4(632 633 643 642)
4(642 643 653 652)
4(652 653 663 662)
4(662 663 673 672)
4(573 574 584 583)
4(583 584 594 593)
4(593 594 604 603)
4(603 604 614 613)
4(613 614 624 623)
4(623 624 634 633)
4(633 634 644 643)
4(643 644 654 653)
4(653 654 664 663)
4(663 664 674 673)
4(574 575 585 584)
4(584 585 595 594)
4(594 595 605 604)
4(604 605 615 614)
4(614 615 625 624)
4(624 625 635 634)
4(634 635 645 644)
4(644 645 655 654)
4(654 655 665 664)
4(664 665 675 674)
4(575 576 586 585)
4(585 586 596 595)
4(595 596 606 605)
4(605 606 616 615)
4(615 616 626 625)
4(625 626 636 635)
4(635 636 646 645)
4(645 646 656 655)
4(655 656 666 665)
4(665 666 676 675)
4(576 577 587 586)
4(586 587 597 596)
4(596 597 607 606)
4(606 607 617 616)
4(616 617 627 626)
4(626 627 637 636)
4(636 637 647 646)
4(646 647 657 656)
4(656 657 667 666)
4(666 667 677 676)
4(577 578 588 587)
4(587 588 598 597)
4(597 598 608 607)
4(607 608 618 617)
4(617 618 628 627)
4(627 628 638 637)
4(637 638 648 647)
4(647 648 658 657)
4(657 658 668 667)
4(667 668 678 677)
4(578 579 589 588)
4(588 589 599 598)
4(598 599 609 608)
4(608 609 619 618)
4(618 619 629 628)
4(628 629 639 638)
4(638 639 649 648)
4(648 649 659 658)
4(658 659 669 668)
4(668 669 679 678)
4(579 580 590 589)
4(589 590 600 599)
4(599 600 610 609)
4(609 610 620 619)
4(619 620 630 629)
4(629 630 640 639)
4(639 640 650 649)
4(649 650 660 659)
4(659 660 670 669)
4(669 670 680 679)
4(580 581 591 590)
4(590 591 601 600)
4(600 601 611 610)
4(610 611 621 620)
4(620 621 631 630)
4(630 631 641 640)
4(640 641 651 650)
4(650 651 661 660)
4(660 661 671 670)
4(670 671 681 680)
4(792 793 804 803)
4(803 804 815 814)
4(814 815 826 825)
4(825 826 837 836)
4(836 837 848 847)
4(847 848 859 858)
4(858 859 870 869)
4(869 870 881 880)
4(880 881 892 891)
4(891 892 572 361)
4(793 794 805 804)
4(804 805 816 815)
4(815 816 827 826)
4(826 827 838 837)
4(837 838 849 848)
4(848 849 860 859)
4(859 860 871 870)
4(870 871 882 881)
4(881 882 893 892)
4(892 893 573 572)
4(794 795 806 805)
4(805 806 817 816)
4(816 817 828 827)
4(827 828 839 838)
4(838 839 850 849)
4(849 850 861 860)
4(860 861 872 871)
4(871 872 883 882)
4(882 883 894 893)
4(893 894 574 573)
4(795 796 807 806)
4(806 807 818 817)
4(817 818 829 828)
4(828 829 840 839)
4(839 840 851 850)
4(850 851 862 861)
4(861 862 873 872)
4(872 873 884 883)
4(883 884 895 894)
4(894 895 575 574)
4(796 797 808 807)
4(807 808 819 818)
4(818 819 830 829)
4(829 830 841 840)
4(840 841 852 851)
4(851 852 863 862)
4(862 863 874 873)
4(873 874 885 884)
4(884 885 896 895)
4(895 896 576 575)
4(797 798 809 808)
4(808 809 820 819)
4(819 820 831 830)
4(830 831 842 841)
4(841 842 853 852)
4(852 853 864 863)
4(863 864 875 874)
4(874 875 886 885)
4(885 886 897 896)
4(896 897 577 576)
4(798 799 810 809)
4(809 810 821 820)
4(820 821 832 831)
4(831 832 843 842)
4(842 843 854 853)
4(853 854 865 864)
4(864 865 876 875)
4(875 876 887 886)
4(886 887 898 897)
4(897 898 578 577)
4(799 800 811 810)
4(810 811 822 821)
4(821 822 833 832)
4(832 833 844 843)
4(843 844 855 854)
4(854 855 866 865)
4(865 866 877 876)
4(876 877 888 887)
4(887 888 899 898)
4(898 899 579 578)
4(800 801 812 811)
4(811 812 823 822)
4(822 823 834 833)
4(833 834 845 844)
4(844 845 856 855)
4(855 856 867 866)
4(866 867 878 877)
4(877 878 889 888)
4(888 889 900 899)
4(899 900 580 579)
4(801 802 813 812)
4(812 813 824 823)
4(823 824 835 834)
4(834 835 846 845)
4(845 846 857 856)
4(856 857 868 867)
4(867 868 879 878)
4(878 879 890 889)
4(889 890 901 900)
4(900 901 581 580)
4(461 672 1013 1012)
4(1012 1013 1024 1023)
4(1023 1024 1035 1034)
4(1034 1035 1046 1045)
4(1045 1046 1057 1056)
4(1056 1057 1068 1067)
4(1067 1068 1079 1078)
4(1078 1079 1090 1089)
4(1089 1090 1101 1100)
4(1100 1101 1112 1111)
4(672 673 1014 1013)
4(1013 1014 1025 1024)
4(1024 1025 1036 1035)
4(1035 1036 1047 1046)
4(1046 1047 1058 1057)
4(1057 1058 1069 1068)
4(1068 1069 1080 1079)
4(1079 1080 1091 1090)
4(1090 1091 1102 1101)
4(1101 1102 1113 1112)
4(673 674 1015 1014)
4(1014 1015 1026 1025)
4(1025 1026 1037 1036)
4(1036 1037 1048 1047)
4(1047 1048 1059 1058)
4(1058 1059 1070 1069)
4(1069 1070 1081 1080)
4(1080 1081 1092 1091)
4(1091 1092 1103 1102)
4(1102 1103 1114 1113)
4(674 675 1016 1015)
4(1015 1016 1027 1026)
4(1026 1027 1038 1037)
4(1037 1038 1049 1048)
4(1048 1049 1060 1059)
4(1059 1060 1071 1070)
4(1070 1071 1082 1081)
4(1081 1082 1093 1092)
4(1092 1093 1104 1103)
4(1103 1104 1115 1114)
4(675 676 1017 1016)
4(1016 1017 1028 1027)
4(1027 1028 1039 1038)
4(1038 1039 1050 1049)
4(1049 1050 1061 1060)
4(1060 1061 1072 1071)
4(1071 1072 1083 1082)
4(1082 1083 1094 1093)
4(1093 1094 1105 1104)
4(1104 1105 1116 1115)
4(676 677 1018 1017)
4(1017 1018 1029 1028)
4(1028 1029 1040 1039)
4(1039 1040 1051 1050)
4(1050 1051 1062 1061)
4(1061 1062 1073 1072)
4(1072 1073 1084 1083)
4(1083 1084 1095 1094)
4(1094 1095 1106 1105)
4(1105 1106 1117 1116)
4(677 678 1019 1018)
4(1018 1019 1030 1029)
4(1029 1030 1041 1040)
4(1040 1041 1052 1051)
4(1051 1052 1063 1062)
4(1062 1063 1074 1073)
4(1073 1074 1085 1084)
4(1084 1085 1096 1095)
4(1095 1096 1107 1106)
4(1106 1107 1118 1117)
4(678 679 1020 1019)
4(1019 1020 1031 1030)
4(1030 1031 1042 1041)
4(1041 1042 1053 1052)
4(1052 1053 1064 1063)
4(1063 1064 1075 1074)
4(1074 1075 1086 1085)
4(1085 1086 1097 1096)
4(1096 1097 1108 1107)
4(1107 1108 1119 1118)
4(679 680 1021 1020)
4(1020 1021 1032 1031)
4(1031 1032 1043 1042)
4(1042 1043 1054 1053)
4(1053 1054 1065 1064)
4(1064 1065 1076 1075)
4(1075 1076 1087 1086)
4(1086 1087 1098 1097)
4(1097 1098 1109 1108)
4(1108 1109 1120 1119)
4(680 681 1022 1021)
4(1021 1022 1033 1032)
4(1032 1033 1044 1043)
4(1043 1044 1055 1054)
4(1054 1055 1066 1065)
4(1065 1066 1077 1076)
4(1076 1077 1088 1087)
4(1087 1088 1099 1098)
4(1098 1099 1110 1109)
4(1109 1110 1121 1120)
)


// ************************************************************************* //
