/*--------------------------------*- C++ -*----------------------------------*\
| =========                 |                                                 |
| \\      /  F ield         | OpenFOAM: The Open Source CFD Toolbox           |
|  \\    /   O peration     | Version:  2412                                  |
|   \\  /    A nd           | Website:  www.openfoam.com                      |
|    \\/     M anipulation  |                                                 |
\*---------------------------------------------------------------------------*/
FoamFile
{
    version     2.0;
    format      ascii;
    arch        "LSB;label=32;scalar=64";
    class       vectorField;
    location    "constant/polyMesh";
    object      points;
}
// * * * * * * * * * * * * * * * * * * * * * * * * * * * * * * * * * * * * * //


1122
(
(0 0.0002 5e-05)
(2e-05 0.0002 5e-05)
(4e-05 0.0002 5e-05)
(6e-05 0.0002 5e-05)
(8e-05 0.0002 5e-05)
(0.0001 0.0002 5e-05)
(0.00012 0.0002 5e-05)
(0.00014 0.0002 5e-05)
(0.00016 0.0002 5e-05)
(0.00018 0.0002 5e-05)
(0.0002 0.0002 5e-05)
(0 0.00019 5e-05)
(2e-05 0.00019 5e-05)
(4e-05 0.00019 5e-05)
(6e-05 0.00019 5e-05)
(8e-05 0.00019 5e-05)
(0.0001 0.00019 5e-05)
(0.00012 0.00019 5e-05)
(0.00014 0.00019 5e-05)
(0.00016 0.00019 5e-05)
(0.00018 0.00019 5e-05)
(0.0002 0.00019 5e-05)
(0 0.00018 5e-05)
(2e-05 0.00018 5e-05)
(4e-05 0.00018 5e-05)
(6e-05 0.00018 5e-05)
(8e-05 0.00018 5e-05)
(0.0001 0.00018 5e-05)
(0.00012 0.00018 5e-05)
(0.00014 0.00018 5e-05)
(0.00016 0.00018 5e-05)
(0.00018 0.00018 5e-05)
(0.0002 0.00018 5e-05)
(0 0.00017 5e-05)
(2e-05 0.00017 5e-05)
(4e-05 0.00017 5e-05)
(6e-05 0.00017 5e-05)
(8e-05 0.00017 5e-05)
(0.0001 0.00017 5e-05)
(0.00012 0.00017 5e-05)
(0.00014 0.00017 5e-05)
(0.00016 0.00017 5e-05)
(0.00018 0.00017 5e-05)
(0.0002 0.00017 5e-05)
(0 0.00016 5e-05)
(2e-05 0.00016 5e-05)
(4e-05 0.00016 5e-05)
(6e-05 0.00016 5e-05)
(8e-05 0.00016 5e-05)
(0.0001 0.00016 5e-05)
(0.00012 0.00016 5e-05)
(0.00014 0.00016 5e-05)
(0.00016 0.00016 5e-05)
(0.00018 0.00016 5e-05)
(0.0002 0.00016 5e-05)
(0 0.00015 5e-05)
(2e-05 0.00015 5e-05)
(4e-05 0.00015 5e-05)
(6e-05 0.00015 5e-05)
(8e-05 0.00015 5e-05)
(0.0001 0.00015 5e-05)
(0.00012 0.00015 5e-05)
(0.00014 0.00015 5e-05)
(0.00016 0.00015 5e-05)
(0.00018 0.00015 5e-05)
(0.0002 0.00015 5e-05)
(0 0.00014 5e-05)
(2e-05 0.00014 5e-05)
(4e-05 0.00014 5e-05)
(6e-05 0.00014 5e-05)
(8e-05 0.00014 5e-05)
(0.0001 0.00014 5e-05)
(0.00012 0.00014 5e-05)
(0.00014 0.00014 5e-05)
(0.00016 0.00014 5e-05)
(0.00018 0.00014 5e-05)
(0.0002 0.00014 5e-05)
(0 0.00013 5e-05)
(2e-05 0.00013 5e-05)
(4e-05 0.00013 5e-05)
(6e-05 0.00013 5e-05)
(8e-05 0.00013 5e-05)
(0.0001 0.00013 5e-05)
(0.00012 0.00013 5e-05)
(0.00014 0.00013 5e-05)
(0.00016 0.00013 5e-05)
(0.00018 0.00013 5e-05)
(0.0002 0.00013 5e-05)
(0 0.00012 5e-05)
(2e-05 0.00012 5e-05)
(4e-05 0.00012 5e-05)
(6e-05 0.00012 5e-05)
(8e-05 0.00012 5e-05)
(0.0001 0.00012 5e-05)
(0.00012 0.00012 5e-05)
(0.00014 0.00012 5e-05)
(0.00016 0.00012 5e-05)
(0.00018 0.00012 5e-05)
(0.0002 0.00012 5e-05)
(0 0.00011 5e-05)
(2e-05 0.00011 5e-05)
(4e-05 0.00011 5e-05)
(6e-05 0.00011 5e-05)
(8e-05 0.00011 5e-05)
(0.0001 0.00011 5e-05)
(0.00012 0.00011 5e-05)
(0.00014 0.00011 5e-05)
(0.00016 0.00011 5e-05)
(0.00018 0.00011 5e-05)
(0.0002 0.00011 5e-05)
(0 0.0001 5e-05)
(2e-05 0.0001 5e-05)
(4e-05 0.0001 5e-05)
(6e-05 0.0001 5e-05)
(8e-05 0.0001 5e-05)
(0.0001 0.0001 5e-05)
(0.00012 0.0001 5e-05)
(0.00014 0.0001 5e-05)
(0.00016 0.0001 5e-05)
(0.00018 0.0001 5e-05)
(0.0002 0.0001 5e-05)
(0 0.0002 0)
(2e-05 0.0002 0)
(4e-05 0.0002 0)
(6e-05 0.0002 0)
(8e-05 0.0002 0)
(0.0001 0.0002 0)
(0.00012 0.0002 0)
(0.00014 0.0002 0)
(0.00016 0.0002 0)
(0.00018 0.0002 0)
(0.0002 0.0002 0)
(0 0.00019 0)
(2e-05 0.00019 0)
(4e-05 0.00019 0)
(6e-05 0.00019 0)
(8e-05 0.00019 0)
(0.0001 0.00019 0)
(0.00012 0.00019 0)
(0.00014 0.00019 0)
(0.00016 0.00019 0)
(0.00018 0.00019 0)
(0.0002 0.00019 0)
(0 0.00018 0)
(2e-05 0.00018 0)
(4e-05 0.00018 0)
(6e-05 0.00018 0)
(8e-05 0.00018 0)
(0.0001 0.00018 0)
(0.00012 0.00018 0)
(0.00014 0.00018 0)
(0.00016 0.00018 0)
(0.00018 0.00018 0)
(0.0002 0.00018 0)
(0 0.00017 0)
(2e-05 0.00017 0)
(4e-05 0.00017 0)
(6e-05 0.00017 0)
(8e-05 0.00017 0)
(0.0001 0.00017 0)
(0.00012 0.00017 0)
(0.00014 0.00017 0)
(0.00016 0.00017 0)
(0.00018 0.00017 0)
(0.0002 0.00017 0)
(0 0.00016 0)
(2e-05 0.00016 0)
(4e-05 0.00016 0)
(6e-05 0.00016 0)
(8e-05 0.00016 0)
(0.0001 0.00016 0)
(0.00012 0.00016 0)
(0.00014 0.00016 0)
(0.00016 0.00016 0)
(0.00018 0.00016 0)
(0.0002 0.00016 0)
(0 0.00015 0)
(2e-05 0.00015 0)
(4e-05 0.00015 0)
(6e-05 0.00015 0)
(8e-05 0.00015 0)
(0.0001 0.00015 0)
(0.00012 0.00015 0)
(0.00014 0.00015 0)
(0.00016 0.00015 0)
(0.00018 0.00015 0)
(0.0002 0.00015 0)
(0 0.00014 0)
(2e-05 0.00014 0)
(4e-05 0.00014 0)
(6e-05 0.00014 0)
(8e-05 0.00014 0)
(0.0001 0.00014 0)
(0.00012 0.00014 0)
(0.00014 0.00014 0)
(0.00016 0.00014 0)
(0.00018 0.00014 0)
(0.0002 0.00014 0)
(0 0.00013 0)
(2e-05 0.00013 0)
(4e-05 0.00013 0)
(6e-05 0.00013 0)
(8e-05 0.00013 0)
(0.0001 0.00013 0)
(0.00012 0.00013 0)
(0.00014 0.00013 0)
(0.00016 0.00013 0)
(0.00018 0.00013 0)
(0.0002 0.00013 0)
(0 0.00012 0)
(2e-05 0.00012 0)
(4e-05 0.00012 0)
(6e-05 0.00012 0)
(8e-05 0.00012 0)
(0.0001 0.00012 0)
(0.00012 0.00012 0)
(0.00014 0.00012 0)
(0.00016 0.00012 0)
(0.00018 0.00012 0)
(0.0002 0.00012 0)
(0 0.00011 0)
(2e-05 0.00011 0)
(4e-05 0.00011 0)
(6e-05 0.00011 0)
(8e-05 0.00011 0)
(0.0001 0.00011 0)
(0.00012 0.00011 0)
(0.00014 0.00011 0)
(0.00016 0.00011 0)
(0.00018 0.00011 0)
(0.0002 0.00011 0)
(0 0.0001 0)
(2e-05 0.0001 0)
(4e-05 0.0001 0)
(6e-05 0.0001 0)
(8e-05 0.0001 0)
(0.0001 0.0001 0)
(0.00012 0.0001 0)
(0.00014 0.0001 0)
(0.00016 0.0001 0)
(0.00018 0.0001 0)
(0.0002 0.0001 0)
(0.00021 0.0002 5e-05)
(0.00022 0.0002 5e-05)
(0.00023 0.0002 5e-05)
(0.00024 0.0002 5e-05)
(0.00025 0.0002 5e-05)
(0.00026 0.0002 5e-05)
(0.00027 0.0002 5e-05)
(0.00028 0.0002 5e-05)
(0.00029 0.0002 5e-05)
(0.0003 0.0002 5e-05)
(0.00021 0.00019 5e-05)
(0.00022 0.00019 5e-05)
(0.00023 0.00019 5e-05)
(0.00024 0.00019 5e-05)
(0.00025 0.00019 5e-05)
(0.00026 0.00019 5e-05)
(0.00027 0.00019 5e-05)
(0.00028 0.00019 5e-05)
(0.00029 0.00019 5e-05)
(0.0003 0.00019 5e-05)
(0.00021 0.00018 5e-05)
(0.00022 0.00018 5e-05)
(0.00023 0.00018 5e-05)
(0.00024 0.00018 5e-05)
(0.00025 0.00018 5e-05)
(0.00026 0.00018 5e-05)
(0.00027 0.00018 5e-05)
(0.00028 0.00018 5e-05)
(0.00029 0.00018 5e-05)
(0.0003 0.00018 5e-05)
(0.00021 0.00017 5e-05)
(0.00022 0.00017 5e-05)
(0.00023 0.00017 5e-05)
(0.00024 0.00017 5e-05)
(0.00025 0.00017 5e-05)
(0.00026 0.00017 5e-05)
(0.00027 0.00017 5e-05)
(0.00028 0.00017 5e-05)
(0.00029 0.00017 5e-05)
(0.0003 0.00017 5e-05)
(0.00021 0.00016 5e-05)
(0.00022 0.00016 5e-05)
(0.00023 0.00016 5e-05)
(0.00024 0.00016 5e-05)
(0.00025 0.00016 5e-05)
(0.00026 0.00016 5e-05)
(0.00027 0.00016 5e-05)
(0.00028 0.00016 5e-05)
(0.00029 0.00016 5e-05)
(0.0003 0.00016 5e-05)
(0.00021 0.00015 5e-05)
(0.00022 0.00015 5e-05)
(0.00023 0.00015 5e-05)
(0.00024 0.00015 5e-05)
(0.00025 0.00015 5e-05)
(0.00026 0.00015 5e-05)
(0.00027 0.00015 5e-05)
(0.00028 0.00015 5e-05)
(0.00029 0.00015 5e-05)
(0.0003 0.00015 5e-05)
(0.00021 0.00014 5e-05)
(0.00022 0.00014 5e-05)
(0.00023 0.00014 5e-05)
(0.00024 0.00014 5e-05)
(0.00025 0.00014 5e-05)
(0.00026 0.00014 5e-05)
(0.00027 0.00014 5e-05)
(0.00028 0.00014 5e-05)
(0.00029 0.00014 5e-05)
(0.0003 0.00014 5e-05)
(0.00021 0.00013 5e-05)
(0.00022 0.00013 5e-05)
(0.00023 0.00013 5e-05)
(0.00024 0.00013 5e-05)
(0.00025 0.00013 5e-05)
(0.00026 0.00013 5e-05)
(0.00027 0.00013 5e-05)
(0.00028 0.00013 5e-05)
(0.00029 0.00013 5e-05)
(0.0003 0.00013 5e-05)
(0.00021 0.00012 5e-05)
(0.00022 0.00012 5e-05)
(0.00023 0.00012 5e-05)
(0.00024 0.00012 5e-05)
(0.00025 0.00012 5e-05)
(0.00026 0.00012 5e-05)
(0.00027 0.00012 5e-05)
(0.00028 0.00012 5e-05)
(0.00029 0.00012 5e-05)
(0.0003 0.00012 5e-05)
(0.00021 0.00011 5e-05)
(0.00022 0.00011 5e-05)
(0.00023 0.00011 5e-05)
(0.00024 0.00011 5e-05)
(0.00025 0.00011 5e-05)
(0.00026 0.00011 5e-05)
(0.00027 0.00011 5e-05)
(0.00028 0.00011 5e-05)
(0.00029 0.00011 5e-05)
(0.0003 0.00011 5e-05)
(0.00021 0.0001 5e-05)
(0.00022 0.0001 5e-05)
(0.00023 0.0001 5e-05)
(0.00024 0.0001 5e-05)
(0.00025 0.0001 5e-05)
(0.00026 0.0001 5e-05)
(0.00027 0.0001 5e-05)
(0.00028 0.0001 5e-05)
(0.00029 0.0001 5e-05)
(0.0003 0.0001 5e-05)
(0.00021 0.0002 0)
(0.00022 0.0002 0)
(0.00023 0.0002 0)
(0.00024 0.0002 0)
(0.00025 0.0002 0)
(0.00026 0.0002 0)
(0.00027 0.0002 0)
(0.00028 0.0002 0)
(0.00029 0.0002 0)
(0.0003 0.0002 0)
(0.00021 0.00019 0)
(0.00022 0.00019 0)
(0.00023 0.00019 0)
(0.00024 0.00019 0)
(0.00025 0.00019 0)
(0.00026 0.00019 0)
(0.00027 0.00019 0)
(0.00028 0.00019 0)
(0.00029 0.00019 0)
(0.0003 0.00019 0)
(0.00021 0.00018 0)
(0.00022 0.00018 0)
(0.00023 0.00018 0)
(0.00024 0.00018 0)
(0.00025 0.00018 0)
(0.00026 0.00018 0)
(0.00027 0.00018 0)
(0.00028 0.00018 0)
(0.00029 0.00018 0)
(0.0003 0.00018 0)
(0.00021 0.00017 0)
(0.00022 0.00017 0)
(0.00023 0.00017 0)
(0.00024 0.00017 0)
(0.00025 0.00017 0)
(0.00026 0.00017 0)
(0.00027 0.00017 0)
(0.00028 0.00017 0)
(0.00029 0.00017 0)
(0.0003 0.00017 0)
(0.00021 0.00016 0)
(0.00022 0.00016 0)
(0.00023 0.00016 0)
(0.00024 0.00016 0)
(0.00025 0.00016 0)
(0.00026 0.00016 0)
(0.00027 0.00016 0)
(0.00028 0.00016 0)
(0.00029 0.00016 0)
(0.0003 0.00016 0)
(0.00021 0.00015 0)
(0.00022 0.00015 0)
(0.00023 0.00015 0)
(0.00024 0.00015 0)
(0.00025 0.00015 0)
(0.00026 0.00015 0)
(0.00027 0.00015 0)
(0.00028 0.00015 0)
(0.00029 0.00015 0)
(0.0003 0.00015 0)
(0.00021 0.00014 0)
(0.00022 0.00014 0)
(0.00023 0.00014 0)
(0.00024 0.00014 0)
(0.00025 0.00014 0)
(0.00026 0.00014 0)
(0.00027 0.00014 0)
(0.00028 0.00014 0)
(0.00029 0.00014 0)
(0.0003 0.00014 0)
(0.00021 0.00013 0)
(0.00022 0.00013 0)
(0.00023 0.00013 0)
(0.00024 0.00013 0)
(0.00025 0.00013 0)
(0.00026 0.00013 0)
(0.00027 0.00013 0)
(0.00028 0.00013 0)
(0.00029 0.00013 0)
(0.0003 0.00013 0)
(0.00021 0.00012 0)
(0.00022 0.00012 0)
(0.00023 0.00012 0)
(0.00024 0.00012 0)
(0.00025 0.00012 0)
(0.00026 0.00012 0)
(0.00027 0.00012 0)
(0.00028 0.00012 0)
(0.00029 0.00012 0)
(0.0003 0.00012 0)
(0.00021 0.00011 0)
(0.00022 0.00011 0)
(0.00023 0.00011 0)
(0.00024 0.00011 0)
(0.00025 0.00011 0)
(0.00026 0.00011 0)
(0.00027 0.00011 0)
(0.00028 0.00011 0)
(0.00029 0.00011 0)
(0.0003 0.00011 0)
(0.00021 0.0001 0)
(0.00022 0.0001 0)
(0.00023 0.0001 0)
(0.00024 0.0001 0)
(0.00025 0.0001 0)
(0.00026 0.0001 0)
(0.00027 0.0001 0)
(0.00028 0.0001 0)
(0.00029 0.0001 0)
(0.0003 0.0001 0)
(0.00031 0.0002 5e-05)
(0.00032 0.0002 5e-05)
(0.00033 0.0002 5e-05)
(0.00034 0.0002 5e-05)
(0.00035 0.0002 5e-05)
(0.00036 0.0002 5e-05)
(0.00037 0.0002 5e-05)
(0.00038 0.0002 5e-05)
(0.00039 0.0002 5e-05)
(0.0004 0.0002 5e-05)
(0.00031 0.00019 5e-05)
(0.00032 0.00019 5e-05)
(0.00033 0.00019 5e-05)
(0.00034 0.00019 5e-05)
(0.00035 0.00019 5e-05)
(0.00036 0.00019 5e-05)
(0.00037 0.00019 5e-05)
(0.00038 0.00019 5e-05)
(0.00039 0.00019 5e-05)
(0.0004 0.00019 5e-05)
(0.00031 0.00018 5e-05)
(0.00032 0.00018 5e-05)
(0.00033 0.00018 5e-05)
(0.00034 0.00018 5e-05)
(0.00035 0.00018 5e-05)
(0.00036 0.00018 5e-05)
(0.00037 0.00018 5e-05)
(0.00038 0.00018 5e-05)
(0.00039 0.00018 5e-05)
(0.0004 0.00018 5e-05)
(0.00031 0.00017 5e-05)
(0.00032 0.00017 5e-05)
(0.00033 0.00017 5e-05)
(0.00034 0.00017 5e-05)
(0.00035 0.00017 5e-05)
(0.00036 0.00017 5e-05)
(0.00037 0.00017 5e-05)
(0.00038 0.00017 5e-05)
(0.00039 0.00017 5e-05)
(0.0004 0.00017 5e-05)
(0.00031 0.00016 5e-05)
(0.00032 0.00016 5e-05)
(0.00033 0.00016 5e-05)
(0.00034 0.00016 5e-05)
(0.00035 0.00016 5e-05)
(0.00036 0.00016 5e-05)
(0.00037 0.00016 5e-05)
(0.00038 0.00016 5e-05)
(0.00039 0.00016 5e-05)
(0.0004 0.00016 5e-05)
(0.00031 0.00015 5e-05)
(0.00032 0.00015 5e-05)
(0.00033 0.00015 5e-05)
(0.00034 0.00015 5e-05)
(0.00035 0.00015 5e-05)
(0.00036 0.00015 5e-05)
(0.00037 0.00015 5e-05)
(0.00038 0.00015 5e-05)
(0.00039 0.00015 5e-05)
(0.0004 0.00015 5e-05)
(0.00031 0.00014 5e-05)
(0.00032 0.00014 5e-05)
(0.00033 0.00014 5e-05)
(0.00034 0.00014 5e-05)
(0.00035 0.00014 5e-05)
(0.00036 0.00014 5e-05)
(0.00037 0.00014 5e-05)
(0.00038 0.00014 5e-05)
(0.00039 0.00014 5e-05)
(0.0004 0.00014 5e-05)
(0.00031 0.00013 5e-05)
(0.00032 0.00013 5e-05)
(0.00033 0.00013 5e-05)
(0.00034 0.00013 5e-05)
(0.00035 0.00013 5e-05)
(0.00036 0.00013 5e-05)
(0.00037 0.00013 5e-05)
(0.00038 0.00013 5e-05)
(0.00039 0.00013 5e-05)
(0.0004 0.00013 5e-05)
(0.00031 0.00012 5e-05)
(0.00032 0.00012 5e-05)
(0.00033 0.00012 5e-05)
(0.00034 0.00012 5e-05)
(0.00035 0.00012 5e-05)
(0.00036 0.00012 5e-05)
(0.00037 0.00012 5e-05)
(0.00038 0.00012 5e-05)
(0.00039 0.00012 5e-05)
(0.0004 0.00012 5e-05)
(0.00031 0.00011 5e-05)
(0.00032 0.00011 5e-05)
(0.00033 0.00011 5e-05)
(0.00034 0.00011 5e-05)
(0.00035 0.00011 5e-05)
(0.00036 0.00011 5e-05)
(0.00037 0.00011 5e-05)
(0.00038 0.00011 5e-05)
(0.00039 0.00011 5e-05)
(0.0004 0.00011 5e-05)
(0.00031 0.0001 5e-05)
(0.00032 0.0001 5e-05)
(0.00033 0.0001 5e-05)
(0.00034 0.0001 5e-05)
(0.00035 0.0001 5e-05)
(0.00036 0.0001 5e-05)
(0.00037 0.0001 5e-05)
(0.00038 0.0001 5e-05)
(0.00039 0.0001 5e-05)
(0.0004 0.0001 5e-05)
(0.00031 0.0002 0)
(0.00032 0.0002 0)
(0.00033 0.0002 0)
(0.00034 0.0002 0)
(0.00035 0.0002 0)
(0.00036 0.0002 0)
(0.00037 0.0002 0)
(0.00038 0.0002 0)
(0.00039 0.0002 0)
(0.0004 0.0002 0)
(0.00031 0.00019 0)
(0.00032 0.00019 0)
(0.00033 0.00019 0)
(0.00034 0.00019 0)
(0.00035 0.00019 0)
(0.00036 0.00019 0)
(0.00037 0.00019 0)
(0.00038 0.00019 0)
(0.00039 0.00019 0)
(0.0004 0.00019 0)
(0.00031 0.00018 0)
(0.00032 0.00018 0)
(0.00033 0.00018 0)
(0.00034 0.00018 0)
(0.00035 0.00018 0)
(0.00036 0.00018 0)
(0.00037 0.00018 0)
(0.00038 0.00018 0)
(0.00039 0.00018 0)
(0.0004 0.00018 0)
(0.00031 0.00017 0)
(0.00032 0.00017 0)
(0.00033 0.00017 0)
(0.00034 0.00017 0)
(0.00035 0.00017 0)
(0.00036 0.00017 0)
(0.00037 0.00017 0)
(0.00038 0.00017 0)
(0.00039 0.00017 0)
(0.0004 0.00017 0)
(0.00031 0.00016 0)
(0.00032 0.00016 0)
(0.00033 0.00016 0)
(0.00034 0.00016 0)
(0.00035 0.00016 0)
(0.00036 0.00016 0)
(0.00037 0.00016 0)
(0.00038 0.00016 0)
(0.00039 0.00016 0)
(0.0004 0.00016 0)
(0.00031 0.00015 0)
(0.00032 0.00015 0)
(0.00033 0.00015 0)
(0.00034 0.00015 0)
(0.00035 0.00015 0)
(0.00036 0.00015 0)
(0.00037 0.00015 0)
(0.00038 0.00015 0)
(0.00039 0.00015 0)
(0.0004 0.00015 0)
(0.00031 0.00014 0)
(0.00032 0.00014 0)
(0.00033 0.00014 0)
(0.00034 0.00014 0)
(0.00035 0.00014 0)
(0.00036 0.00014 0)
(0.00037 0.00014 0)
(0.00038 0.00014 0)
(0.00039 0.00014 0)
(0.0004 0.00014 0)
(0.00031 0.00013 0)
(0.00032 0.00013 0)
(0.00033 0.00013 0)
(0.00034 0.00013 0)
(0.00035 0.00013 0)
(0.00036 0.00013 0)
(0.00037 0.00013 0)
(0.00038 0.00013 0)
(0.00039 0.00013 0)
(0.0004 0.00013 0)
(0.00031 0.00012 0)
(0.00032 0.00012 0)
(0.00033 0.00012 0)
(0.00034 0.00012 0)
(0.00035 0.00012 0)
(0.00036 0.00012 0)
(0.00037 0.00012 0)
(0.00038 0.00012 0)
(0.00039 0.00012 0)
(0.0004 0.00012 0)
(0.00031 0.00011 0)
(0.00032 0.00011 0)
(0.00033 0.00011 0)
(0.00034 0.00011 0)
(0.00035 0.00011 0)
(0.00036 0.00011 0)
(0.00037 0.00011 0)
(0.00038 0.00011 0)
(0.00039 0.00011 0)
(0.0004 0.00011 0)
(0.00031 0.0001 0)
(0.00032 0.0001 0)
(0.00033 0.0001 0)
(0.00034 0.0001 0)
(0.00035 0.0001 0)
(0.00036 0.0001 0)
(0.00037 0.0001 0)
(0.00038 0.0001 0)
(0.00039 0.0001 0)
(0.0004 0.0001 0)
(0.0003 0.0003 5e-05)
(0.00031 0.0003 5e-05)
(0.00032 0.0003 5e-05)
(0.00033 0.0003 5e-05)
(0.00034 0.0003 5e-05)
(0.00035 0.0003 5e-05)
(0.00036 0.0003 5e-05)
(0.00037 0.0003 5e-05)
(0.00038 0.0003 5e-05)
(0.00039 0.0003 5e-05)
(0.0004 0.0003 5e-05)
(0.0003 0.00029 5e-05)
(0.00031 0.00029 5e-05)
(0.00032 0.00029 5e-05)
(0.00033 0.00029 5e-05)
(0.00034 0.00029 5e-05)
(0.00035 0.00029 5e-05)
(0.00036 0.00029 5e-05)
(0.00037 0.00029 5e-05)
(0.00038 0.00029 5e-05)
(0.00039 0.00029 5e-05)
(0.0004 0.00029 5e-05)
(0.0003 0.00028 5e-05)
(0.00031 0.00028 5e-05)
(0.00032 0.00028 5e-05)
(0.00033 0.00028 5e-05)
(0.00034 0.00028 5e-05)
(0.00035 0.00028 5e-05)
(0.00036 0.00028 5e-05)
(0.00037 0.00028 5e-05)
(0.00038 0.00028 5e-05)
(0.00039 0.00028 5e-05)
(0.0004 0.00028 5e-05)
(0.0003 0.00027 5e-05)
(0.00031 0.00027 5e-05)
(0.00032 0.00027 5e-05)
(0.00033 0.00027 5e-05)
(0.00034 0.00027 5e-05)
(0.00035 0.00027 5e-05)
(0.00036 0.00027 5e-05)
(0.00037 0.00027 5e-05)
(0.00038 0.00027 5e-05)
(0.00039 0.00027 5e-05)
(0.0004 0.00027 5e-05)
(0.0003 0.00026 5e-05)
(0.00031 0.00026 5e-05)
(0.00032 0.00026 5e-05)
(0.00033 0.00026 5e-05)
(0.00034 0.00026 5e-05)
(0.00035 0.00026 5e-05)
(0.00036 0.00026 5e-05)
(0.00037 0.00026 5e-05)
(0.00038 0.00026 5e-05)
(0.00039 0.00026 5e-05)
(0.0004 0.00026 5e-05)
(0.0003 0.00025 5e-05)
(0.00031 0.00025 5e-05)
(0.00032 0.00025 5e-05)
(0.00033 0.00025 5e-05)
(0.00034 0.00025 5e-05)
(0.00035 0.00025 5e-05)
(0.00036 0.00025 5e-05)
(0.00037 0.00025 5e-05)
(0.00038 0.00025 5e-05)
(0.00039 0.00025 5e-05)
(0.0004 0.00025 5e-05)
(0.0003 0.00024 5e-05)
(0.00031 0.00024 5e-05)
(0.00032 0.00024 5e-05)
(0.00033 0.00024 5e-05)
(0.00034 0.00024 5e-05)
(0.00035 0.00024 5e-05)
(0.00036 0.00024 5e-05)
(0.00037 0.00024 5e-05)
(0.00038 0.00024 5e-05)
(0.00039 0.00024 5e-05)
(0.0004 0.00024 5e-05)
(0.0003 0.00023 5e-05)
(0.00031 0.00023 5e-05)
(0.00032 0.00023 5e-05)
(0.00033 0.00023 5e-05)
(0.00034 0.00023 5e-05)
(0.00035 0.00023 5e-05)
(0.00036 0.00023 5e-05)
(0.00037 0.00023 5e-05)
(0.00038 0.00023 5e-05)
(0.00039 0.00023 5e-05)
(0.0004 0.00023 5e-05)
(0.0003 0.00022 5e-05)
(0.00031 0.00022 5e-05)
(0.00032 0.00022 5e-05)
(0.00033 0.00022 5e-05)
(0.00034 0.00022 5e-05)
(0.00035 0.00022 5e-05)
(0.00036 0.00022 5e-05)
(0.00037 0.00022 5e-05)
(0.00038 0.00022 5e-05)
(0.00039 0.00022 5e-05)
(0.0004 0.00022 5e-05)
(0.0003 0.00021 5e-05)
(0.00031 0.00021 5e-05)
(0.00032 0.00021 5e-05)
(0.00033 0.00021 5e-05)
(0.00034 0.00021 5e-05)
(0.00035 0.00021 5e-05)
(0.00036 0.00021 5e-05)
(0.00037 0.00021 5e-05)
(0.00038 0.00021 5e-05)
(0.00039 0.00021 5e-05)
(0.0004 0.00021 5e-05)
(0.0003 0.0003 0)
(0.00031 0.0003 0)
(0.00032 0.0003 0)
(0.00033 0.0003 0)
(0.00034 0.0003 0)
(0.00035 0.0003 0)
(0.00036 0.0003 0)
(0.00037 0.0003 0)
(0.00038 0.0003 0)
(0.00039 0.0003 0)
(0.0004 0.0003 0)
(0.0003 0.00029 0)
(0.00031 0.00029 0)
(0.00032 0.00029 0)
(0.00033 0.00029 0)
(0.00034 0.00029 0)
(0.00035 0.00029 0)
(0.00036 0.00029 0)
(0.00037 0.00029 0)
(0.00038 0.00029 0)
(0.00039 0.00029 0)
(0.0004 0.00029 0)
(0.0003 0.00028 0)
(0.00031 0.00028 0)
(0.00032 0.00028 0)
(0.00033 0.00028 0)
(0.00034 0.00028 0)
(0.00035 0.00028 0)
(0.00036 0.00028 0)
(0.00037 0.00028 0)
(0.00038 0.00028 0)
(0.00039 0.00028 0)
(0.0004 0.00028 0)
(0.0003 0.00027 0)
(0.00031 0.00027 0)
(0.00032 0.00027 0)
(0.00033 0.00027 0)
(0.00034 0.00027 0)
(0.00035 0.00027 0)
(0.00036 0.00027 0)
(0.00037 0.00027 0)
(0.00038 0.00027 0)
(0.00039 0.00027 0)
(0.0004 0.00027 0)
(0.0003 0.00026 0)
(0.00031 0.00026 0)
(0.00032 0.00026 0)
(0.00033 0.00026 0)
(0.00034 0.00026 0)
(0.00035 0.00026 0)
(0.00036 0.00026 0)
(0.00037 0.00026 0)
(0.00038 0.00026 0)
(0.00039 0.00026 0)
(0.0004 0.00026 0)
(0.0003 0.00025 0)
(0.00031 0.00025 0)
(0.00032 0.00025 0)
(0.00033 0.00025 0)
(0.00034 0.00025 0)
(0.00035 0.00025 0)
(0.00036 0.00025 0)
(0.00037 0.00025 0)
(0.00038 0.00025 0)
(0.00039 0.00025 0)
(0.0004 0.00025 0)
(0.0003 0.00024 0)
(0.00031 0.00024 0)
(0.00032 0.00024 0)
(0.00033 0.00024 0)
(0.00034 0.00024 0)
(0.00035 0.00024 0)
(0.00036 0.00024 0)
(0.00037 0.00024 0)
(0.00038 0.00024 0)
(0.00039 0.00024 0)
(0.0004 0.00024 0)
(0.0003 0.00023 0)
(0.00031 0.00023 0)
(0.00032 0.00023 0)
(0.00033 0.00023 0)
(0.00034 0.00023 0)
(0.00035 0.00023 0)
(0.00036 0.00023 0)
(0.00037 0.00023 0)
(0.00038 0.00023 0)
(0.00039 0.00023 0)
(0.0004 0.00023 0)
(0.0003 0.00022 0)
(0.00031 0.00022 0)
(0.00032 0.00022 0)
(0.00033 0.00022 0)
(0.00034 0.00022 0)
(0.00035 0.00022 0)
(0.00036 0.00022 0)
(0.00037 0.00022 0)
(0.00038 0.00022 0)
(0.00039 0.00022 0)
(0.0004 0.00022 0)
(0.0003 0.00021 0)
(0.00031 0.00021 0)
(0.00032 0.00021 0)
(0.00033 0.00021 0)
(0.00034 0.00021 0)
(0.00035 0.00021 0)
(0.00036 0.00021 0)
(0.00037 0.00021 0)
(0.00038 0.00021 0)
(0.00039 0.00021 0)
(0.0004 0.00021 0)
(0.0003 9e-05 5e-05)
(0.00031 9e-05 5e-05)
(0.00032 9e-05 5e-05)
(0.00033 9e-05 5e-05)
(0.00034 9e-05 5e-05)
(0.00035 9e-05 5e-05)
(0.00036 9e-05 5e-05)
(0.00037 9e-05 5e-05)
(0.00038 9e-05 5e-05)
(0.00039 9e-05 5e-05)
(0.0004 9e-05 5e-05)
(0.0003 8e-05 5e-05)
(0.00031 8e-05 5e-05)
(0.00032 8e-05 5e-05)
(0.00033 8e-05 5e-05)
(0.00034 8e-05 5e-05)
(0.00035 8e-05 5e-05)
(0.00036 8e-05 5e-05)
(0.00037 8e-05 5e-05)
(0.00038 8e-05 5e-05)
(0.00039 8e-05 5e-05)
(0.0004 8e-05 5e-05)
(0.0003 7e-05 5e-05)
(0.00031 7e-05 5e-05)
(0.00032 7e-05 5e-05)
(0.00033 7e-05 5e-05)
(0.00034 7e-05 5e-05)
(0.00035 7e-05 5e-05)
(0.00036 7e-05 5e-05)
(0.00037 7e-05 5e-05)
(0.00038 7e-05 5e-05)
(0.00039 7e-05 5e-05)
(0.0004 7e-05 5e-05)
(0.0003 6e-05 5e-05)
(0.00031 6e-05 5e-05)
(0.00032 6e-05 5e-05)
(0.00033 6e-05 5e-05)
(0.00034 6e-05 5e-05)
(0.00035 6e-05 5e-05)
(0.00036 6e-05 5e-05)
(0.00037 6e-05 5e-05)
(0.00038 6e-05 5e-05)
(0.00039 6e-05 5e-05)
(0.0004 6e-05 5e-05)
(0.0003 5e-05 5e-05)
(0.00031 5e-05 5e-05)
(0.00032 5e-05 5e-05)
(0.00033 5e-05 5e-05)
(0.00034 5e-05 5e-05)
(0.00035 5e-05 5e-05)
(0.00036 5e-05 5e-05)
(0.00037 5e-05 5e-05)
(0.00038 5e-05 5e-05)
(0.00039 5e-05 5e-05)
(0.0004 5e-05 5e-05)
(0.0003 4e-05 5e-05)
(0.00031 4e-05 5e-05)
(0.00032 4e-05 5e-05)
(0.00033 4e-05 5e-05)
(0.00034 4e-05 5e-05)
(0.00035 4e-05 5e-05)
(0.00036 4e-05 5e-05)
(0.00037 4e-05 5e-05)
(0.00038 4e-05 5e-05)
(0.00039 4e-05 5e-05)
(0.0004 4e-05 5e-05)
(0.0003 3e-05 5e-05)
(0.00031 3e-05 5e-05)
(0.00032 3e-05 5e-05)
(0.00033 3e-05 5e-05)
(0.00034 3e-05 5e-05)
(0.00035 3e-05 5e-05)
(0.00036 3e-05 5e-05)
(0.00037 3e-05 5e-05)
(0.00038 3e-05 5e-05)
(0.00039 3e-05 5e-05)
(0.0004 3e-05 5e-05)
(0.0003 2e-05 5e-05)
(0.00031 2e-05 5e-05)
(0.00032 2e-05 5e-05)
(0.00033 2e-05 5e-05)
(0.00034 2e-05 5e-05)
(0.00035 2e-05 5e-05)
(0.00036 2e-05 5e-05)
(0.00037 2e-05 5e-05)
(0.00038 2e-05 5e-05)
(0.00039 2e-05 5e-05)
(0.0004 2e-05 5e-05)
(0.0003 1e-05 5e-05)
(0.00031 1e-05 5e-05)
(0.00032 1e-05 5e-05)
(0.00033 1e-05 5e-05)
(0.00034 1e-05 5e-05)
(0.00035 1e-05 5e-05)
(0.00036 1e-05 5e-05)
(0.00037 1e-05 5e-05)
(0.00038 1e-05 5e-05)
(0.00039 1e-05 5e-05)
(0.0004 1e-05 5e-05)
(0.0003 0 5e-05)
(0.00031 0 5e-05)
(0.00032 0 5e-05)
(0.00033 0 5e-05)
(0.00034 0 5e-05)
(0.00035 0 5e-05)
(0.00036 0 5e-05)
(0.00037 0 5e-05)
(0.00038 0 5e-05)
(0.00039 0 5e-05)
(0.0004 0 5e-05)
(0.0003 9e-05 0)
(0.00031 9e-05 0)
(0.00032 9e-05 0)
(0.00033 9e-05 0)
(0.00034 9e-05 0)
(0.00035 9e-05 0)
(0.00036 9e-05 0)
(0.00037 9e-05 0)
(0.00038 9e-05 0)
(0.00039 9e-05 0)
(0.0004 9e-05 0)
(0.0003 8e-05 0)
(0.00031 8e-05 0)
(0.00032 8e-05 0)
(0.00033 8e-05 0)
(0.00034 8e-05 0)
(0.00035 8e-05 0)
(0.00036 8e-05 0)
(0.00037 8e-05 0)
(0.00038 8e-05 0)
(0.00039 8e-05 0)
(0.0004 8e-05 0)
(0.0003 7e-05 0)
(0.00031 7e-05 0)
(0.00032 7e-05 0)
(0.00033 7e-05 0)
(0.00034 7e-05 0)
(0.00035 7e-05 0)
(0.00036 7e-05 0)
(0.00037 7e-05 0)
(0.00038 7e-05 0)
(0.00039 7e-05 0)
(0.0004 7e-05 0)
(0.0003 6e-05 0)
(0.00031 6e-05 0)
(0.00032 6e-05 0)
(0.00033 6e-05 0)
(0.00034 6e-05 0)
(0.00035 6e-05 0)
(0.00036 6e-05 0)
(0.00037 6e-05 0)
(0.00038 6e-05 0)
(0.00039 6e-05 0)
(0.0004 6e-05 0)
(0.0003 5e-05 0)
(0.00031 5e-05 0)
(0.00032 5e-05 0)
(0.00033 5e-05 0)
(0.00034 5e-05 0)
(0.00035 5e-05 0)
(0.00036 5e-05 0)
(0.00037 5e-05 0)
(0.00038 5e-05 0)
(0.00039 5e-05 0)
(0.0004 5e-05 0)
(0.0003 4e-05 0)
(0.00031 4e-05 0)
(0.00032 4e-05 0)
(0.00033 4e-05 0)
(0.00034 4e-05 0)
(0.00035 4e-05 0)
(0.00036 4e-05 0)
(0.00037 4e-05 0)
(0.00038 4e-05 0)
(0.00039 4e-05 0)
(0.0004 4e-05 0)
(0.0003 3e-05 0)
(0.00031 3e-05 0)
(0.00032 3e-05 0)
(0.00033 3e-05 0)
(0.00034 3e-05 0)
(0.00035 3e-05 0)
(0.00036 3e-05 0)
(0.00037 3e-05 0)
(0.00038 3e-05 0)
(0.00039 3e-05 0)
(0.0004 3e-05 0)
(0.0003 2e-05 0)
(0.00031 2e-05 0)
(0.00032 2e-05 0)
(0.00033 2e-05 0)
(0.00034 2e-05 0)
(0.00035 2e-05 0)
(0.00036 2e-05 0)
(0.00037 2e-05 0)
(0.00038 2e-05 0)
(0.00039 2e-05 0)
(0.0004 2e-05 0)
(0.0003 1e-05 0)
(0.00031 1e-05 0)
(0.00032 1e-05 0)
(0.00033 1e-05 0)
(0.00034 1e-05 0)
(0.00035 1e-05 0)
(0.00036 1e-05 0)
(0.00037 1e-05 0)
(0.00038 1e-05 0)
(0.00039 1e-05 0)
(0.0004 1e-05 0)
(0.0003 0 0)
(0.00031 0 0)
(0.00032 0 0)
(0.00033 0 0)
(0.00034 0 0)
(0.00035 0 0)
(0.00036 0 0)
(0.00037 0 0)
(0.00038 0 0)
(0.00039 0 0)
(0.0004 0 0)
)


// ************************************************************************* //
